timeStamp,elapsed,label,responseCode,responseMessage,threadName,dataType,success,failureMessage,bytes,sentBytes,grpThreads,allThreads,URL,Latency,IdleTime,Connect
1687273336554,196,HTTP Request,200,OK,Thread Group 1-1,text,true,,1746,128,1,1,https://reqres.in/api/users?page=2,196,0,140
1687273336750,66,HTTP Request,200,OK,Thread Group 1-1,text,true,,1000,123,1,1,https://reqres.in/api/users/2,66,0,0
1687273336816,74,HTTP Request,404,Not Found,Thread Group 1-1,text,false,,699,124,1,1,https://reqres.in/api/users/23,74,0,0
1687273336890,62,HTTP Request,200,OK,Thread Group 1-1,text,true,,1750,128,1,1,https://reqres.in/api/users?page=2,62,0,0
1687273336952,71,HTTP Request,200,OK,Thread Group 1-1,text,true,,996,123,1,1,https://reqres.in/api/users/2,71,0,0
1687273337024,49,HTTP Request,404,Not Found,Thread Group 1-1,text,false,,693,124,1,1,https://reqres.in/api/users/23,49,0,0
1687273337073,60,HTTP Request,200,OK,Thread Group 1-1,text,true,,1748,128,1,1,https://reqres.in/api/users?page=2,60,0,0
1687273337134,56,HTTP Request,200,OK,Thread Group 1-1,text,true,,998,123,1,1,https://reqres.in/api/users/2,56,0,0
1687273337190,53,HTTP Request,404,Not Found,Thread Group 1-1,text,false,,701,124,1,1,https://reqres.in/api/users/23,53,0,0
1687273337243,45,HTTP Request,200,OK,Thread Group 1-1,text,true,,1744,128,1,1,https://reqres.in/api/users?page=2,42,0,0
1687273337288,47,HTTP Request,200,OK,Thread Group 1-1,text,true,,998,123,1,1,https://reqres.in/api/users/2,47,0,0
1687273337335,58,HTTP Request,404,Not Found,Thread Group 1-1,text,false,,697,124,1,1,https://reqres.in/api/users/23,58,0,0
1687273337394,52,HTTP Request,200,OK,Thread Group 1-1,text,true,,1746,128,1,1,https://reqres.in/api/users?page=2,49,0,0
1687273337446,46,HTTP Request,200,OK,Thread Group 1-1,text,true,,992,123,1,1,https://reqres.in/api/users/2,46,0,0
1687273337493,59,HTTP Request,404,Not Found,Thread Group 1-1,text,false,,695,124,1,1,https://reqres.in/api/users/23,59,0,0
1687273337569,144,HTTP Request,200,OK,Thread Group 1-2,text,true,,1748,128,1,1,https://reqres.in/api/users?page=2,144,0,92
1687273337713,64,HTTP Request,200,OK,Thread Group 1-2,text,true,,994,123,1,1,https://reqres.in/api/users/2,64,0,0
1687273337777,62,HTTP Request,404,Not Found,Thread Group 1-2,text,false,,703,124,1,1,https://reqres.in/api/users/23,62,0,0
1687273337839,43,HTTP Request,200,OK,Thread Group 1-2,text,true,,1748,128,1,1,https://reqres.in/api/users?page=2,43,0,0
1687273337883,63,HTTP Request,200,OK,Thread Group 1-2,text,true,,994,123,1,1,https://reqres.in/api/users/2,63,0,0
1687273337947,55,HTTP Request,404,Not Found,Thread Group 1-2,text,false,,697,124,1,1,https://reqres.in/api/users/23,55,0,0
1687273338003,44,HTTP Request,200,OK,Thread Group 1-2,text,true,,1754,128,1,1,https://reqres.in/api/users?page=2,41,0,0
1687273338047,57,HTTP Request,200,OK,Thread Group 1-2,text,true,,992,123,1,1,https://reqres.in/api/users/2,57,0,0
1687273338104,58,HTTP Request,404,Not Found,Thread Group 1-2,text,false,,701,124,1,1,https://reqres.in/api/users/23,58,0,0
1687273338162,48,HTTP Request,200,OK,Thread Group 1-2,text,true,,1744,128,1,1,https://reqres.in/api/users?page=2,48,0,0
1687273338210,73,HTTP Request,200,OK,Thread Group 1-2,text,true,,998,123,1,1,https://reqres.in/api/users/2,73,0,0
1687273338283,50,HTTP Request,404,Not Found,Thread Group 1-2,text,false,,699,124,1,1,https://reqres.in/api/users/23,50,0,0
1687273338333,45,HTTP Request,200,OK,Thread Group 1-2,text,true,,1748,128,1,1,https://reqres.in/api/users?page=2,45,0,0
1687273338378,54,HTTP Request,200,OK,Thread Group 1-2,text,true,,998,123,1,1,https://reqres.in/api/users/2,54,0,0
1687273338432,66,HTTP Request,404,Not Found,Thread Group 1-2,text,false,,703,124,1,1,https://reqres.in/api/users/23,66,0,0
1687273338554,190,HTTP Request,200,OK,Thread Group 1-3,text,true,,1752,128,1,1,https://reqres.in/api/users?page=2,190,0,107
1687273338744,55,HTTP Request,200,OK,Thread Group 1-3,text,true,,994,123,1,1,https://reqres.in/api/users/2,55,0,0
1687273338799,81,HTTP Request,404,Not Found,Thread Group 1-3,text,false,,703,124,1,1,https://reqres.in/api/users/23,81,0,0
1687273338880,67,HTTP Request,200,OK,Thread Group 1-3,text,true,,1744,128,1,1,https://reqres.in/api/users?page=2,67,0,0
1687273338947,53,HTTP Request,200,OK,Thread Group 1-3,text,true,,992,123,1,1,https://reqres.in/api/users/2,53,0,0
1687273339000,42,HTTP Request,404,Not Found,Thread Group 1-3,text,false,,703,124,1,1,https://reqres.in/api/users/23,42,0,0
1687273339043,53,HTTP Request,200,OK,Thread Group 1-3,text,true,,1744,128,1,1,https://reqres.in/api/users?page=2,49,0,0
1687273339096,55,HTTP Request,200,OK,Thread Group 1-3,text,true,,998,123,1,1,https://reqres.in/api/users/2,55,0,0
1687273339151,41,HTTP Request,404,Not Found,Thread Group 1-3,text,false,,703,124,1,1,https://reqres.in/api/users/23,41,0,0
1687273339192,71,HTTP Request,200,OK,Thread Group 1-3,text,true,,1746,128,1,1,https://reqres.in/api/users?page=2,71,0,0
1687273339263,48,HTTP Request,200,OK,Thread Group 1-3,text,true,,992,123,1,1,https://reqres.in/api/users/2,48,0,0
1687273339311,54,HTTP Request,404,Not Found,Thread Group 1-3,text,false,,699,124,1,1,https://reqres.in/api/users/23,54,0,0
1687273339366,56,HTTP Request,200,OK,Thread Group 1-3,text,true,,1744,128,1,1,https://reqres.in/api/users?page=2,56,0,0
1687273339422,60,HTTP Request,200,OK,Thread Group 1-3,text,true,,998,123,1,1,https://reqres.in/api/users/2,60,0,0
1687273339482,60,HTTP Request,404,Not Found,Thread Group 1-3,text,false,,701,124,1,1,https://reqres.in/api/users/23,60,0,0
1687273339553,185,HTTP Request,200,OK,Thread Group 1-4,text,true,,1745,128,1,1,https://reqres.in/api/users?page=2,164,0,104
1687273339738,52,HTTP Request,200,OK,Thread Group 1-4,text,true,,995,123,1,1,https://reqres.in/api/users/2,52,0,0
1687273339790,67,HTTP Request,404,Not Found,Thread Group 1-4,text,false,,697,124,1,1,https://reqres.in/api/users/23,67,0,0
1687273339857,49,HTTP Request,200,OK,Thread Group 1-4,text,true,,1743,128,1,1,https://reqres.in/api/users?page=2,49,0,0
1687273339906,47,HTTP Request,200,OK,Thread Group 1-4,text,true,,993,123,1,1,https://reqres.in/api/users/2,47,0,0
1687273339953,60,HTTP Request,404,Not Found,Thread Group 1-4,text,false,,691,124,1,1,https://reqres.in/api/users/23,60,0,0
1687273340013,57,HTTP Request,200,OK,Thread Group 1-4,text,true,,1743,128,1,1,https://reqres.in/api/users?page=2,56,0,0
1687273340070,63,HTTP Request,200,OK,Thread Group 1-4,text,true,,993,123,1,1,https://reqres.in/api/users/2,63,0,0
1687273340133,57,HTTP Request,404,Not Found,Thread Group 1-4,text,false,,695,124,1,1,https://reqres.in/api/users/23,57,0,0
1687273340190,60,HTTP Request,200,OK,Thread Group 1-4,text,true,,1749,128,1,1,https://reqres.in/api/users?page=2,60,0,0
1687273340250,67,HTTP Request,200,OK,Thread Group 1-4,text,true,,989,123,1,1,https://reqres.in/api/users/2,67,0,0
1687273340317,64,HTTP Request,404,Not Found,Thread Group 1-4,text,false,,701,124,1,1,https://reqres.in/api/users/23,64,0,0
1687273340381,48,HTTP Request,200,OK,Thread Group 1-4,text,true,,1755,128,1,1,https://reqres.in/api/users?page=2,48,0,0
1687273340429,75,HTTP Request,200,OK,Thread Group 1-4,text,true,,995,123,1,1,https://reqres.in/api/users/2,75,0,0
1687273340504,48,HTTP Request,404,Not Found,Thread Group 1-4,text,false,,697,124,1,1,https://reqres.in/api/users/23,48,0,0
1687273340553,163,HTTP Request,200,OK,Thread Group 1-5,text,true,,1753,128,1,1,https://reqres.in/api/users?page=2,160,0,108
1687273340716,48,HTTP Request,200,OK,Thread Group 1-5,text,true,,999,123,1,1,https://reqres.in/api/users/2,48,0,0
1687273340764,106,HTTP Request,404,Not Found,Thread Group 1-5,text,false,,688,124,1,1,https://reqres.in/api/users/23,106,0,0
1687273340871,52,HTTP Request,200,OK,Thread Group 1-5,text,true,,1751,128,1,1,https://reqres.in/api/users?page=2,52,0,0
1687273340924,53,HTTP Request,200,OK,Thread Group 1-5,text,true,,997,123,1,1,https://reqres.in/api/users/2,53,0,0
1687273340977,58,HTTP Request,404,Not Found,Thread Group 1-5,text,false,,696,124,1,1,https://reqres.in/api/users/23,58,0,0
1687273341035,53,HTTP Request,200,OK,Thread Group 1-5,text,true,,1745,128,1,1,https://reqres.in/api/users?page=2,48,0,0
1687273341089,48,HTTP Request,200,OK,Thread Group 1-5,text,true,,999,123,1,1,https://reqres.in/api/users/2,48,0,0
1687273341137,52,HTTP Request,404,Not Found,Thread Group 1-5,text,false,,698,124,1,1,https://reqres.in/api/users/23,52,0,0
1687273341189,56,HTTP Request,200,OK,Thread Group 1-5,text,true,,1751,128,1,1,https://reqres.in/api/users?page=2,56,0,0
1687273341245,56,HTTP Request,200,OK,Thread Group 1-5,text,true,,997,123,1,1,https://reqres.in/api/users/2,56,0,0
1687273341301,56,HTTP Request,404,Not Found,Thread Group 1-5,text,false,,700,124,1,1,https://reqres.in/api/users/23,56,0,0
1687273341357,59,HTTP Request,200,OK,Thread Group 1-5,text,true,,1751,128,1,1,https://reqres.in/api/users?page=2,56,0,0
1687273341416,67,HTTP Request,200,OK,Thread Group 1-5,text,true,,991,123,1,1,https://reqres.in/api/users/2,67,0,0
1687273341483,47,HTTP Request,404,Not Found,Thread Group 1-5,text,false,,698,124,1,1,https://reqres.in/api/users/23,47,0,0
